#
# 100 'random' degree-64 binary primitive polynomials
#.
# Generated by Tom Tkacik, 2019-May-6
#
64,62,60,59,58,54,52,51,47,45,44,43,42,40,39,36,33,28,25,24,20,19,16,15,13,12,11,9,8,7,6,5,4,2,0
64,62,61,60,57,55,53,51,50,49,46,45,44,43,40,38,37,36,35,31,29,28,26,23,17,16,14,9,3,2,0
64,59,58,56,52,48,42,37,36,32,29,28,26,23,22,19,17,16,15,11,10,9,8,5,3,1,0
64,62,54,53,51,50,48,47,45,43,41,39,38,35,34,32,31,29,24,23,21,20,13,7,3,2,0
64,63,62,60,58,57,54,51,49,48,47,46,44,43,42,34,30,27,26,24,23,21,19,18,17,16,15,14,12,7,6,4,2,1,0
64,62,59,56,55,48,45,44,43,41,40,39,38,37,35,33,32,31,30,29,24,23,22,21,19,18,16,15,11,10,9,8,6,4,2,1,0
64,60,57,56,50,48,46,45,44,43,42,41,40,39,36,33,32,31,30,27,25,24,22,19,18,16,15,14,12,11,9,6,5,4,3,1,0
64,62,61,59,58,53,51,50,47,46,45,43,41,37,34,33,31,29,25,22,20,17,16,14,13,12,6,5,0
64,60,59,56,55,54,52,51,49,47,46,42,39,38,35,33,32,30,27,26,25,22,20,19,18,16,14,10,9,5,3,2,0
64,63,60,58,56,54,52,51,49,48,47,46,45,39,36,33,30,28,21,20,17,16,14,12,11,10,9,8,7,6,5,1,0
64,60,59,58,56,54,51,50,48,45,43,42,41,40,37,35,33,32,31,29,28,27,20,19,15,12,11,8,6,5,2,1,0
64,62,59,58,57,53,51,50,49,47,46,45,41,33,32,31,30,29,28,27,23,22,21,20,17,16,14,12,11,10,8,6,0
64,63,60,56,52,51,49,48,46,45,44,42,38,37,34,33,31,28,26,25,24,20,15,14,13,12,11,10,9,8,4,3,0
64,62,61,58,57,56,54,51,49,46,43,40,39,36,32,31,30,29,23,22,21,19,18,13,8,6,4,3,0
64,63,61,59,58,57,56,55,53,49,48,45,43,40,39,38,32,30,29,28,27,26,25,23,19,18,15,9,7,5,4,3,2,1,0
64,61,59,55,54,50,49,48,45,44,39,37,35,31,30,27,26,23,22,21,20,15,14,13,12,10,7,4,3,1,0
64,63,59,57,56,54,50,48,47,46,43,42,41,39,38,35,33,32,31,29,28,26,25,23,21,19,15,14,13,12,9,7,5,3,2,1,0
64,62,60,59,54,53,52,51,49,48,46,45,44,40,39,37,36,32,30,29,27,26,25,23,21,16,15,14,7,4,0
64,61,60,59,57,56,54,52,51,49,48,47,46,44,43,42,35,34,32,31,29,28,27,26,25,24,23,18,16,14,13,12,11,8,7,5,3,2,0
64,62,59,58,57,56,55,52,49,48,46,45,44,42,40,38,35,31,30,29,28,27,24,23,22,21,20,19,18,17,16,15,14,9,6,5,4,3,0
64,59,55,53,51,47,46,45,44,43,42,41,39,38,34,33,31,25,23,22,21,20,19,18,17,15,14,13,11,10,6,5,2,1,0
64,63,61,58,56,55,54,53,50,48,47,46,44,42,41,40,37,34,33,28,26,19,17,14,10,8,6,3,0
64,63,62,60,58,56,51,50,48,46,45,43,42,39,34,30,27,26,25,24,22,21,18,15,14,10,6,5,3,1,0
64,62,58,55,54,53,51,50,49,48,47,46,44,43,41,40,39,38,32,31,30,28,27,25,22,21,19,18,16,15,13,8,7,6,3,1,0
64,62,60,59,58,55,51,49,48,47,45,44,42,40,37,35,33,30,29,27,26,22,19,17,16,10,7,6,4,2,0
64,61,59,58,56,55,54,51,50,49,46,44,42,41,40,39,38,33,30,23,22,19,18,17,16,15,11,10,7,5,4,3,2,1,0
64,62,59,58,57,55,54,53,51,48,46,44,39,37,35,34,33,32,31,30,26,24,21,19,18,17,16,11,10,9,8,7,4,1,0
64,60,59,58,57,56,54,53,52,49,46,45,44,43,42,40,39,38,36,32,30,28,27,22,21,20,19,15,14,13,11,10,8,4,2,1,0
64,60,58,57,56,55,54,45,44,41,40,38,37,36,32,31,30,29,28,22,20,19,18,15,13,12,9,8,3,1,0
64,62,61,60,57,49,48,44,43,42,40,39,38,34,33,32,30,26,25,22,18,13,12,10,8,5,3,2,0
64,63,59,58,55,54,53,51,47,46,44,43,41,40,39,37,35,34,33,32,31,28,27,25,24,23,22,21,19,18,17,16,15,12,10,8,7,5,4,1,0
64,63,61,60,59,58,57,54,52,50,49,48,47,46,45,44,42,36,35,34,33,32,31,30,29,27,26,23,22,21,20,18,17,16,15,12,10,4,2,1,0
64,63,60,59,58,57,56,53,52,51,50,48,47,44,41,39,38,35,33,30,26,25,22,19,18,16,15,13,12,11,7,5,2,1,0
64,63,62,61,58,56,55,53,51,50,49,46,45,44,41,40,39,37,35,34,33,32,31,27,25,23,20,17,16,14,13,10,8,2,0
64,63,62,61,60,57,55,54,53,51,50,48,47,46,42,36,34,33,32,31,30,29,28,26,22,20,18,17,16,14,13,12,7,5,4,3,2,1,0
64,63,62,59,58,57,56,50,45,44,42,40,38,37,30,28,26,25,24,23,22,20,18,17,14,13,12,10,6,1,0
64,63,62,56,55,52,51,50,46,45,43,41,40,38,37,35,34,33,32,31,30,28,27,24,23,19,18,16,15,12,10,9,8,5,4,3,0
64,62,60,59,53,50,49,48,47,44,43,42,41,39,36,35,32,29,28,26,25,22,20,19,17,16,12,11,10,7,6,5,3,2,0
64,63,61,59,55,52,51,47,44,43,42,39,36,35,31,29,27,26,24,21,19,14,11,8,6,5,2,1,0
64,62,61,60,59,55,53,51,50,43,42,41,39,38,36,35,34,33,32,29,27,19,18,15,13,12,11,10,8,7,6,3,2,1,0
64,63,62,58,55,54,53,52,51,49,48,47,46,42,38,36,34,30,25,24,23,22,20,17,15,13,12,11,8,7,6,4,0
64,63,60,59,57,53,52,50,48,47,45,42,40,39,37,36,34,33,27,19,18,14,13,12,10,9,8,4,3,1,0
64,63,60,57,56,53,51,49,46,42,38,37,35,34,33,30,29,27,26,24,22,21,20,15,14,13,10,7,6,5,4,2,0
64,58,55,54,53,52,51,47,45,42,41,40,37,36,35,34,31,27,25,23,22,21,19,17,16,13,11,9,8,6,5,3,2,1,0
64,61,58,56,50,49,48,47,43,42,41,39,38,36,33,32,31,30,29,27,26,25,23,22,17,13,11,7,4,3,2,1,0
64,58,57,56,54,52,51,50,49,48,45,43,39,38,37,36,35,33,32,31,30,29,27,26,24,23,18,15,14,11,8,7,4,1,0
64,63,62,61,58,56,54,52,51,50,49,45,44,43,39,38,37,36,35,34,33,32,31,27,24,23,19,18,17,16,15,14,7,6,5,4,3,2,0
64,63,62,61,60,59,58,57,56,54,53,45,41,40,38,37,36,34,32,29,25,24,20,19,17,15,14,12,11,10,9,8,7,6,0
64,63,62,57,56,50,49,47,46,44,43,40,38,35,33,32,30,24,23,20,14,11,10,9,8,6,5,3,0
64,63,60,57,53,52,51,50,49,47,46,40,35,32,31,30,27,26,22,21,20,19,18,16,6,1,0
64,63,62,61,60,59,53,52,49,47,46,44,43,38,35,33,32,31,29,23,22,18,16,12,11,10,8,5,4,2,0
64,60,59,57,55,54,53,51,49,45,43,40,39,38,37,34,32,27,26,23,22,18,11,7,6,5,4,3,0
64,63,62,60,59,58,56,55,53,49,46,45,44,40,38,35,34,31,30,26,25,24,22,19,18,17,16,14,13,11,6,3,2,1,0
64,62,61,60,56,53,51,41,38,35,33,32,31,30,29,27,26,25,21,16,14,8,6,4,0
64,63,61,58,57,56,51,49,48,47,46,45,42,39,36,32,31,30,29,25,24,22,20,16,15,13,12,10,8,7,6,4,3,1,0
64,63,60,59,58,57,51,45,43,38,37,36,35,31,28,27,24,23,22,21,20,16,15,14,12,4,3,1,0
64,63,62,59,56,55,52,51,49,47,46,45,44,42,41,40,39,35,34,33,32,29,28,26,23,22,20,17,16,13,12,7,6,5,4,3,2,1,0
64,62,60,57,56,55,53,52,51,49,48,47,46,43,42,40,39,35,33,29,28,26,23,22,21,20,13,7,4,3,0
64,63,62,61,56,54,53,51,45,44,43,38,36,35,32,31,30,27,26,25,24,21,20,19,17,16,15,13,12,8,6,4,3,1,0
64,59,55,54,53,51,48,46,45,44,41,40,39,38,37,33,31,27,24,23,20,19,16,14,9,7,5,3,2,1,0
64,63,59,57,56,55,53,52,49,46,45,44,43,41,40,37,34,31,27,25,24,23,22,21,20,19,18,15,14,10,9,8,6,2,0
64,62,59,57,55,49,48,47,46,41,39,37,36,34,31,30,28,26,24,21,20,14,8,6,0
64,63,61,60,57,56,53,52,51,49,48,45,44,43,41,40,39,37,35,33,32,31,25,19,18,15,14,13,12,11,10,8,7,6,5,3,2,1,0
64,63,62,59,58,57,54,52,50,49,47,41,36,35,30,29,28,27,21,19,15,14,13,12,10,9,8,7,6,1,0
64,63,62,61,60,56,54,53,51,48,47,45,43,38,37,34,29,28,27,26,25,24,23,22,21,20,13,11,10,7,4,2,0
64,61,57,56,55,52,51,47,43,39,34,33,31,30,28,26,23,21,19,17,11,9,8,6,4,3,2,1,0
64,63,62,60,59,58,57,56,54,52,49,48,47,46,42,40,38,32,30,29,28,27,26,25,21,20,18,16,15,14,13,12,11,10,9,7,6,5,4,3,2,1,0
64,63,62,61,59,58,52,51,50,48,47,45,44,42,41,40,38,32,25,23,22,20,18,14,13,12,11,8,5,4,2,1,0
64,62,56,53,52,51,50,49,47,45,44,43,42,41,36,34,28,25,24,23,22,19,15,11,9,4,0
64,62,59,56,55,52,51,44,41,39,38,36,34,32,29,25,23,22,21,20,18,17,15,13,11,10,8,4,3,2,0
64,62,60,58,56,54,53,52,51,45,44,39,38,37,36,30,27,26,25,24,22,20,19,18,17,15,12,11,10,8,6,5,0
64,62,61,60,59,55,49,47,45,44,42,40,39,38,37,35,34,32,30,29,28,26,25,22,20,19,18,17,15,9,8,7,6,3,0
64,63,62,60,59,58,57,56,54,51,49,48,47,46,44,43,41,39,37,35,33,32,31,29,27,25,22,20,19,18,17,14,12,8,5,1,0
64,63,62,61,60,58,57,55,51,45,44,42,41,39,38,36,33,27,25,15,14,12,9,6,5,4,3,2,0
64,63,62,61,60,59,58,55,52,51,49,48,46,45,39,37,36,34,32,31,27,25,24,23,21,18,16,15,14,13,11,5,4,3,0
64,62,61,58,57,51,48,46,43,41,39,32,30,29,28,27,25,24,22,20,16,13,12,11,10,9,5,4,2,1,0
64,62,61,59,58,57,56,54,51,48,47,46,45,42,41,40,37,35,34,33,31,30,29,28,27,25,24,23,22,20,18,17,15,14,13,12,11,4,3,1,0
64,63,59,56,54,52,51,42,41,40,38,36,34,31,29,28,27,22,21,20,17,16,15,14,12,10,8,6,5,4,3,1,0
64,59,56,53,52,51,49,47,43,42,41,40,38,37,36,35,33,32,31,25,23,21,18,17,14,13,10,5,4,3,0
64,63,62,59,58,56,55,53,49,48,47,42,41,40,37,35,34,33,31,30,29,26,25,24,22,21,20,19,14,13,12,11,9,8,7,5,4,1,0
64,62,61,60,59,58,57,53,52,51,50,48,47,46,44,43,42,41,40,39,38,37,36,35,32,30,29,28,27,25,24,23,21,20,18,17,16,15,14,13,12,11,9,7,4,2,0
64,63,58,55,53,52,48,47,45,44,42,40,39,37,34,29,26,24,21,20,14,13,10,8,6,4,3,1,0
64,63,61,59,58,56,53,51,49,48,46,45,44,42,41,40,39,34,32,31,30,29,28,27,25,21,18,17,13,12,11,10,7,2,0
64,59,57,53,49,48,47,44,43,42,41,39,38,36,33,32,31,30,29,26,24,22,21,20,18,15,11,10,9,8,3,1,0
64,62,60,56,53,52,48,45,42,41,38,36,35,32,30,28,25,24,22,21,19,18,16,13,7,5,3,1,0
64,63,62,61,60,59,58,57,55,54,53,52,51,50,48,47,42,41,40,39,38,37,33,32,28,26,25,24,23,21,20,19,17,16,15,13,12,11,10,8,7,4,3,1,0
64,63,62,59,57,53,51,50,48,47,46,45,42,40,39,37,35,29,26,23,20,19,17,16,14,5,4,2,0
64,63,61,60,59,58,57,56,55,51,49,48,46,42,41,40,38,37,34,30,28,27,26,22,21,20,19,17,16,15,14,13,12,10,8,7,4,3,2,1,0
64,62,61,59,58,56,54,53,52,51,47,46,45,44,39,34,32,30,29,28,26,23,21,19,18,17,15,13,10,6,0
64,63,57,56,54,52,51,49,47,46,45,44,42,41,39,37,36,35,34,32,26,25,24,23,22,20,19,10,7,5,2,1,0
64,63,61,60,59,55,53,51,50,47,45,44,42,39,37,32,30,26,25,22,18,17,16,15,14,13,11,10,7,6,0
64,63,57,56,55,53,52,50,48,47,46,45,44,42,41,39,38,33,32,30,25,24,22,16,14,10,9,8,4,3,0
64,63,62,60,58,57,56,52,51,48,44,43,40,39,37,35,32,31,29,28,27,26,25,23,22,20,17,15,14,13,12,11,9,6,4,3,0
64,62,60,59,57,53,52,51,49,48,46,44,41,36,34,33,32,30,28,24,23,19,18,15,14,12,8,7,4,2,0
64,61,60,59,57,51,47,46,45,42,40,39,35,34,32,31,29,28,27,25,24,23,22,18,17,16,15,9,7,5,4,1,0
64,62,61,60,57,55,54,52,51,47,45,44,43,42,39,38,36,35,34,33,31,30,28,25,23,22,18,17,16,13,11,10,9,8,7,3,0
64,63,62,60,59,58,57,55,53,51,50,49,48,44,42,40,39,37,33,32,30,29,28,27,24,21,17,14,11,9,6,5,4,3,0
64,63,62,60,59,58,57,53,52,49,44,40,39,38,37,36,35,34,30,29,28,27,26,16,15,13,9,8,7,6,4,3,0
64,61,60,59,57,55,49,48,45,44,43,42,40,36,35,33,30,29,27,25,24,16,9,8,5,4,3,1,0
64,61,59,58,53,52,49,47,46,44,43,42,40,35,34,33,30,25,23,21,19,18,17,16,14,13,7,5,3,2,0
